100
3 5001
3 1112
6 2040001
2 071
2 001
3 3426
0 2
6 6000001
5 808031
6 2110122
1 71
1 09
6 8482082
6 0000001
4 00009
3 2932
6 2222112
5 000301
3 0001
6 0000001
6 4200301
6 7060501
6 0040201
6 4425592
6 5279427
5 207801
6 0800001
4 00001
1 41
6 1220221
5 800001
0 1
6 0060001
4 11111
6 0000001
6 4582801
6 9670001
6 8090009
6 1832659
6 0000001
6 4000703
3 1011
3 0001
6 0000001
6 2000001
6 1111111
6 0001001
0 4
1 01
6 8060001
3 0001
6 8000401
6 0795025
5 080051
6 4749225
5 110011
1 21
6 9000906
6 0000041
4 78412
6 0000024
6 1201101
5 012211
6 1122011
2 101
6 2121001
1 74
5 200001
6 1848861
6 2984541
1 85
4 00102
6 2122011
3 1211
2 001
6 2030081
6 9999999
6 5100001
6 0011111
6 6385771
6 3205126
1 12
6 0800001
6 8000001
6 0000001
4 41001
0 1
6 1111121
6 4000901
0 1
5 008131
2 041
2 461
5 692543
1 97
6 1111201
6 2940759
2 021
6 2012221
6 0100001
